6.141733177531476934e-02
-1.334063372519845442e-02
-1.012087173563799240e-03
-3.980487747799574434e-03
3.593545880566176905e-03
-9.173282891330375444e-03
9.879051253185743009e-03
-2.208821742892799408e-02
-1.395907204634559522e-02
7.769281033889602339e-02
-7.610873464733370480e-03
-6.677105526944832406e-03
-6.370201365580317569e-03
1.404184101819483388e-02
1.693140857944109429e-02
-1.038530065530166892e-02
-1.340070871176958847e-02
1.933475813464122575e-02
7.149440945859406038e-02
2.720674539763000971e-02
-6.418970956802111470e-04
2.924053041652030505e-02
-4.267838922654060979e-02
3.249182430459152809e-02
1.155423697806855221e-01
-2.017167836544082604e-01
1.215894598197952009e-01
7.251962293938618576e-01
-5.884748125644515736e-05
1.023073359098551562e-04
6.307586282023999377e-05
-1.003592915541573418e-04
1.168842753624073155e-04
-3.066627928882958987e-04
1.950341206688000286e-04
-3.954416392849537744e-05
-9.952231484656178602e-05
8.306461609080101848e-05
1.015163404083508825e-06
6.853534880449289152e-05
8.490237062184603312e-05
-5.079495031838092336e-04
1.638434928330601112e-04
2.694593084794353515e-04
-5.215592496938982600e-04
2.475275207722519720e-04
-8.696887167685886811e-04
1.858499705907249811e-04
1.655743234728305688e-03
-1.974980145126259412e-03
-2.185144424313138366e-04
3.961968211083548817e-03
-4.424836682406447022e-03
-9.880883976245069186e-04
3.130733815754896485e-03
