-2.374088805242338118e+00
3.179820681420323591e+00
1.292527977035157760e-01
2.081965269696011978e-01
2.565114006019179715e+00
2.812257064429533882e-02
9.073175566626074939e-01
1.121302794641145795e-01
9.386234437435378745e-04
-2.911377628289786301e-01
1.140131662913984045e-01
8.277575656352086086e-02
-4.794301278170569336e-02
-2.068012430773600793e-02
-4.598349704852706665e-01
-1.340186949390293203e-01
-1.953548805302398883e-01
-2.004657405178389418e-01
-8.586995732173118012e-02
-1.246372011436169686e-01
-1.456135450386630836e-01
-2.206098722230714904e-01
-1.706780798660708365e-01
1.165096543504757186e-02
1.473915086594432267e-02
2.571477075520863242e-01
2.016634813709202723e-01
-1.978362526413618983e-01
2.243271898212187143e-01
-7.318782503526726213e-01
2.139549942241555092e-01
-3.114938095535845289e-02
-4.294461462279046682e-01
5.489913653435905122e-02
5.462387742799507118e-01
-1.336236603227212438e-01
-6.779328224282596960e-01
-2.377167290745609562e-01
-1.222001662700644004e-01
-3.618577087544634918e-01
-3.797391526333718931e-02
-3.697647008281892411e-01
-1.157880889461804369e-01
-3.426381160600294740e-01
-3.592008228091990163e-01
-3.542394091523523025e-01
-5.768780346586065422e-01
-3.215003004081709026e-01
-2.041249587718307335e-01
-6.341046515954758267e-02
-2.599817483118201933e-01
-7.879149979520132241e-02
-2.679156882550481344e-01
-1.351787927183898674e-01
-2.763560103470797877e-02
2.500371795740093384e-01
-4.511892581131039803e-02
-1.587483216968154087e-01
1.120395717778795569e-01
2.952290590920926272e-01
-4.527291131103262922e-02
3.929518507504349556e-02
-2.976542568550431811e-02
-2.426726680399254876e-02
4.650411823549536333e-02
4.943106109719812291e-02
7.463714559484113664e-02
5.975238716029384126e-03
-4.942002751185337051e-02
6.804816454587006569e-02
-4.403254212984763355e-02
2.643676132991719038e-02
1.076105258209060674e-02
6.817348794525000810e-02
4.259005751181680482e-02
8.643819528707372135e-02
-3.292031886743485448e-03
2.927154539917149398e-02
2.925481822037759652e-02
-7.534219251107160398e-01
-9.716771793096011522e-03
2.154149781633596383e-02
1.866049151479208523e-02
2.639378613388549885e-02
3.150609653719114306e-02
4.407147114786194586e-02
7.641025356758075759e-02
4.568523599841212146e-02
5.254588693270110383e-02
9.003842695008819341e-03
4.625213954191872284e-02
4.904110243113038968e-03
-4.131427112774893606e-01
2.854422041337218927e-03
9.789193982059846144e-02
4.192391120203060872e-02
3.053879608846041607e-02
2.529210975555833824e-02
1.394957240786788739e-02
-8.327691568790214494e-03
3.856352477363313158e-02
1.114936987140453285e-02
9.666986158946755739e-03
3.313691799045520581e-01
-9.491483750618189344e-03
3.426957730746162806e-02
8.950441320102518750e-02
-2.673404587220106432e+00
-5.831913511825714130e-02
2.081965269696011978e-01
-1.624891958414208970e+00
2.378069789104079457e-01
-5.491408682818960107e-01
